vesselCount = 0
UT = 2713.9583203103698
gameMode = CAREER
gameNull = False
gameCompatible = True
funds = 705656.56070052588
science = 47
reputationPercent = 2
ongoingContracts = 0
missionCurrentScore = 0
missionIsStarted = False
missionIsEnded = False
missionHistoryId = 00000000-0000-0000-0000-000000000000
missionExpansionVersion = 
saveMD5 = 573326a261bf1cb5eed175c9fbf308f6
