vesselCount = 1
UT = 8237.8711544954276
gameMode = CAREER
gameNull = False
gameCompatible = True
funds = 697396.564606776
science = 63
reputationPercent = 7
ongoingContracts = 0
missionCurrentScore = 0
missionIsStarted = False
missionIsEnded = False
missionHistoryId = 00000000-0000-0000-0000-000000000000
missionExpansionVersion = 
saveMD5 = 4be8b5ae195db881550e4928d5644260
