vesselCount = 0
UT = 2220.5183203108186
gameMode = CAREER
gameNull = False
gameCompatible = True
funds = 707526.76608573401
science = 43
reputationPercent = 2
ongoingContracts = 0
missionCurrentScore = 0
missionIsStarted = False
missionIsEnded = False
missionHistoryId = 00000000-0000-0000-0000-000000000000
missionExpansionVersion = 
saveMD5 = 9b86a434e4624dc7a5cab6f332a479e7
