vesselCount = 1
UT = 3087.1001562475458
gameMode = CAREER
gameNull = False
gameCompatible = True
funds = 771396.56460677588
science = 52
reputationPercent = 4
ongoingContracts = 0
missionCurrentScore = 0
missionIsStarted = False
missionIsEnded = False
missionHistoryId = 00000000-0000-0000-0000-000000000000
missionExpansionVersion = 
saveMD5 = 07b9ed44e655d5879e287b72bbfe1a3d
